Spis-CBHE-EXP02 Spis-CBHE-EXP02 -0.190065 0.311504 -0.0357646 0.102048 -0.51132 0.0432277 0.256223 -0.163624 0.138147 0.0956997 -0.63493 0.0173228 0.0147276 0.0166039 -0.259299
Spis-CBHE-EXP09 Spis-CBHE-EXP09 -0.194044 0.277831 -0.02055 0.0146373 -0.0203321 0.021144 -0.843592 0.293305 -0.0788959 0.0391422 -0.106827 -0.00601175 -0.0170173 0.0333239 -0.255695
Spis-CBHE-EXP18 Spis-CBHE-EXP18 0.379658 0.0173083 0.00549876 -0.138194 -0.0481347 0.025309 0.0012953 0.280988 0.691073 -0.462826 0.023031 -0.0133857 0.0198453 0.00130321 -0.248241
Spis-CBHE-EXP26 Spis-CBHE-EXP26 -0.150613 -0.320349 -0.52912 -0.0409699 0.0142728 0.147631 0.0421852 0.022371 0.0116113 0.0465364 0.0106934 -0.567171 -0.419127 -0.0351328 -0.260323
Spis-CBHE-EXP32 Spis-CBHE-EXP32 -0.165066 -0.342608 0.1093 0.0891433 -0.137894 -0.85682 -0.0163293 0.0320469 0.0251976 -0.0125316 0.0336388 0.0458904 -0.0259949 -0.102805 -0.256431
Spis-CBHE-EXP33 Spis-CBHE-EXP33 -0.180132 -0.400687 0.455532 -0.0322407 -0.0166799 0.245442 0.00938361 -0.00639421 0.00121689 0.0059459 -0.0135075 -0.0134745 0.00710622 0.685999 -0.258377
Spis-CBHE-EXP36 Spis-CBHE-EXP36 0.370145 0.0116898 0.014948 -0.247276 -0.0303783 -0.03901 -0.292268 -0.786022 0.0527858 0.124667 0.095818 -0.0340825 0.00238822 -0.00517347 -0.259014
Spis-CBHE-EXP41 Spis-CBHE-EXP41 -0.196909 -0.214482 0.474845 -0.0544585 0.0710487 0.328283 0.0197542 -0.00680313 0.00151789 -0.000785525 -0.0187991 -0.0173179 0.00516506 -0.710214 -0.26161
Spis-CBHE-EXP44 Spis-CBHE-EXP44 -0.192765 0.322153 0.0168664 -0.121862 0.479018 -0.152818 0.199309 -0.0195151 0.0210809 0.0292987 0.00337036 -0.430522 0.538849 0.0708644 -0.262612
Spis-CBHE-EXP47 Spis-CBHE-EXP47 -0.196679 0.315632 0.00691489 -0.125057 0.455413 -0.069208 0.18974 -0.0750812 0.0272056 -0.0655563 0.0187585 0.420283 -0.581836 0.0729823 -0.257469
Spis-CBHE-EXP48 Spis-CBHE-EXP48 0.381296 0.0189454 0.0222528 -0.101768 -0.0156027 -0.00122611 0.143076 0.374157 0.0459949 0.776409 0.0822635 0.092288 -0.0163085 -0.00392664 -0.2494
Spis-CBHE-EXP62 Spis-CBHE-EXP62 0.374273 0.0172809 0.0187793 -0.320593 -0.0972144 -0.0378082 0.12782 0.193522 -0.681511 -0.363187 -0.180986 -0.0254907 -0.0080869 -0.00134213 -0.248966
Spis-CBHE-EXP63 Spis-CBHE-EXP63 -0.150186 -0.323002 -0.520846 -0.0518308 0.0832953 0.168105 -0.000300872 -0.026868 -0.0192787 -0.0308895 -0.0208796 0.549998 0.437827 -0.0337418 -0.257171
Spis-CBHE-EXP65 Spis-CBHE-EXP65 -0.18901 0.300596 -0.025704 0.0895108 -0.460294 0.0959723 0.148708 -0.00272148 -0.101603 -0.0930556 0.729967 0.0142413 0.0415955 0.0166249 -0.260765
Spis-CBHE-EXP73 Spis-CBHE-EXP73 0.32301 0.00557044 0.00469449 0.860915 0.212115 0.0673107 0.0103379 -0.0678856 -0.122866 -0.0878363 -0.0279973 -0.0140731 -0.00539525 0.00183449 -0.276357
